25793
51422
650
3728
410
845
287
6315
8557
3630
1029
1650
5308
26058
80224
3423
2643
1312
80208
1981
11155
3590
3910
4625
4137
54795
4607
25978
5172
1356
55065
9992
1289
282996
8867
4157
152926
5428
26503
27429
63976
2318
2702
26281
3753
55209
6445
7048
6262
4624
168391
627
56246
10280
2629
5979
5184
7415
1621
6622
55532
23594
9414
6331
23171
1804
26278
2395
10049
7138
116442
88
6311
10060
283
352909
7137
9829
55737
2592
1832
6640
11315
84705
427
54820
3784
3460
10577
5660
7345
10142
6910
23317
4729
6609
120892
6908
6531
65018
3920
6598
7054
6926
57057
1639
4629
10144
5568
1293
3178
5663
3757
5741
135138
3588
4838
3759
7516
4864
392255
70
7139
775
7414
8398
2316
5621
3181
27019
861
7273
51103
2720
2896
23435
4287
4000
23400
6647
